7242
4845
4176
2921
3699
5438
8022
754
4435
2414
8600
9758
240
1800
739
721
3344
4356
9412
1909
53
4580
8734
6482
6311
6279
9143
5932
1550
6076
3899
3912
2546
7181
5449
1670
4484
429
5099
2980
9731
8406
3852
6378
279
6186
5305
9623
8411
4609
9054
4630
2137
4009
3510
3897
9613
7718
456
2179
4048
6187
1789
4238
1350
2712
7395
2428
6740
7361
7045
2570
7911
2493
1869
8653
6663
9987
1204
2204
7834
2584
2039
9058
4222
9358
889
3970
2604
2308
9967
3580
9931
8166
4312
9861
2681
9781
1368
1942
7196
2922
5812
4404
8697
5863
61
2863
4436
1226
6703
5044
9616
857
2725
2348
6125
9344
4978
6132
4604
4873
634
3766
5361
852
9147
3618
5109
1894
7069
3032
9136
1625
9160
6348
4347
8583
2560
9125
7534
8671
4155
9400
8641
7778
2391
2909
2971
9606
9707
6644
2205
6385
6329
3183
7803
9580
1640
7130
1852
2144
5950
7211
9893
6841
9603
4298
8900
5719
1498
1095
3681
58
2034
7514
8636
9427
7566
172
7551
4529
33
4425
2357
6288
2855
4892
9956
7775
7761
1570
1066
9749
2323
1634
8092
718
5255
4292
8465
3146
7635
3686
8050
37
1958
6033
5762
3487
4410
2461
3188
7884
6597
6380
4909
595
1795
9742
9101
7515
4555
6224
9130
9808
4486
5071
8987
7107
9551
5222
4196
4392
440
7645
4925
6521
8362
821
6006
1477
4694
539
7646
2813
6252
8283
5324
528
2815
4981
3549
3320
6106
2782
3785
8396
6737
7729
9398
5843
8979
1261
505
3427
6276
9494
700
8682
5860
7269
2277
4303
8290
3454
3701
6990
4103
6046
6364
4192
5398
406
5142
6862
2750
4005
2234
7110
3351
2573
4444
3921
9665
4104
9797
169
3050
3613
9414
1516
4187
4646
7425
5039
4841
6112
2480
1373
6254
6452
3118
7734
7771
5469
7138
1603
1077
2603
2217
3116
3986
3786
2322
3816
2254
3638
1964
1438
8415
8151
5414
523
1653
806
733
3159
7236
5454
2256
2136
920
20
8841
1114
8165
6424
4593
3502
6633
720
8043
6075
2071
2081
2032
690
4479
7680
369
1056
1186
5777
1649
4453
967
5420
9120
7611
4220
4246
5613
4482
1590
8015
4272
7607
2268
1926
1690
7390
9821
97
5574
2678
9766
760
839
6365
7891
9976
3901
9165
1471
7653
7812
2649
8959
6695
7157
321
5012
9348
4638
7833
1320
1141
6839
2616
271
461
472
166
2724
8834
609
4577
5279
9037
1404
6221
5787
8556
7458
4859
2846
9504
7600
2125
4390
6537
8128
4807
3558
1629
902
5962
2069
5774
8923
7973
1601
5507
7505
3771
6599
9266
9018
4394
6790
5210
313
3300
881
216
6476
9088
9734
9354
4053
9323
2982
9518
1272
7073
2893
1862
786
2145
9918
2991
7675
3895
2134
3185
1481
682
833
8018
9094
9875
2549
1283
838
3573
8234
2700
828
1398
5853
6345
8812
8073
4034
3544
8394
1859
1841
845
3538
6761
3123
1883
6194
4934
4371
2780
9222
4204
9360
2859
5283
1937
5952
6875
5670
1975
4761
7810
9334
9280
7203
414
6505
3593
4666
2875
9542
4319
3596
7028
929
93
1881
7701
9933
2098
1773
7064
6307
1031
8154
8378
5411
5429
9036
7585
8041
4887
2181
9115
3329
2123
6755
5492
5314
6878
687
348
8381
4531
2172
2878
8510
644
9989
4655
4853
7472
9541
9790
411
7614
2651
3056
3562
4498
2552
3458
8548
5698
2819
7545
5709
1143
7225
7358
552
6321
5479
9863
4707
6779
8865
229
7892
8601
1022
3055
142
1484
5938
3961
3105
9027
21
6993
8792
5546
7325
7477
4833
8303
3355
324
64
1332
7475
2784
5495
8312
3191
8376
4989
8972
1250
59
6809
366
3861
591
8499
7575
598
7217
9678
3931
6649
1577
9938
3044
6684
4083
5388
8046
8302
3964
1927
7062
6362
373
8068
7197
6433
9070
358
5306
7326
8770
512
5091
9847
7047
6781
7512
173
27
273
1692
7018
5130
4797
9757
3361
6772
3405
6630
858
2080
3367
9180
1553
9476
8629
7628
3049
6058
1147
3047
2280
8540
2816
8633
5576
6773
8896
1416
5049
9553
7191
3891
1715
1217
7678
4721
3099
6444
212
1485
9152
6883
7447
4091
8643
8035
575
3260
5704
4306
9432
1220
7660
3134
3845
1347
1539
7248
1554
4729
943
2760
8070
4380
7384
7165
9828
1397
3533
2643
4464
3353
228
555
9265
9128
6398
392
6805
9102
4949
8262
9373
8876
4044
1684
6222
4726
6094
4736
1080
7007
3425
4990
2376
4961
5990
5675
9607
4682
6656
5584
15
1264
551
3838
6872
9617
9807
8221
3738
6432
8400
7663
8281
2837
6871
3814
9598
5203
5750
1986
3584
2529
9116
1752
6448
3280
403
1380
3486
7825
8080
8985
3734
2525
248
1863
6626
1025
3773
6025
5529
3950
4520
9939
1008
3314
251
1947
853
922
4145
4917
9832
3916
8114
6188
5163
2388
6903
2298
7360
6007
6488
1390
7226
5836
4015
3187
8635
5059
626
3240
8844
5383
649
5389
8132
2050
6030
9262
3239
8331
799
9963
4950
766
8908
1228
3057
1090
8899
1046
640
190
3274
6124
1840
8818
1007
6344
4313
8723
4610
8361
4515
6459
167
102
5844
9307
9407
5544
8305
3090
9242
6554
6129
5340
5026
2021
5189
3524
6458
9114
3787
7396
2328
8388
3297
4971
349
5944
3975
8319
4948
239
404
6609
3324
933
7685
4157
4172
9254
5451
651
3819
7743
1831
4365
8879
8142
6085
9538
3443
8545
5922
2820
5394
8581
4972
1119
4193
4022
4109
2044
2783
814
4131
1324
7962
388
8853
2091
19
1358
1029
919
2393
524
7989
6442
4085
6978
3229
1777
5612
5545
1709
2658
7454
6179
1725
138
2070
1257
9485
5980
8350
7414
1118
9170
9402
6681
9328
582
3459
9325
4337
944
3359
1822
4038
1352
2203
6300
3013
3288
2707
6750
7017
1412
2096
7354
2082
2430
6435
4280
6520
5683
6845
241
5027
5385
7024
7234
4511
5528
9549
6474
293
8806
8412
6154
9687
6210
6471
3585
4522
1391
132
8599
7947
201
1405
2222
4256
6049
4868
4248
6980
3291
439
4751
5486
6200
9314
9825
4789
6472
714
8059
8855
5825
8038
8847
4405
6819
6915
9199
3530
1195
6647
860
5858
2362
2085
3368
1769
9156
4970
1153
5345
2010
7968
1168
3873
8886
5149
1036
3194
1904
9841
130
6598
5365
1661
5258
8179
2364
9955
5672
9107
8676
2344
6749
2571
3072
4406
6850
6922
5665
8074
4776
1535
7927
3936
8678
5078
9411
7175
5657
3968
7617
6884
6741
9098
3653
4149
8990
9454
1132
6699
5894
7934
2709
9352
6440
7235
5661
1169
880
5290
5007
1426
9139
4592
9511
7940
9998
6418
6153
9022
3040
4510
2038
3204
4295
3008
2900
7779
6807
5240
7938
465
8185
9327
3799
2919
6679
9157
6556
6949
9240
7388
9258
9310
9322
9704
867
735
9051
3181
3289
3272
6652
6560
5483
484
8385
5620
9505
6529
1414
3627
6326
1048
6492
3285
5311
8983
6189
1547
1544
8960
7041
1767
2829
4030
477
5988
7709
9948
3655
9629
230
3798
7814
2230
9326
7994
3996
2466
3121
2987
9835
6988
9818
7622
2163
496
9740
8256
8973
7261
4478
5778
7974
4595
1749
7589
1441
5224
6661
5252
3979
5122
6843
6393
5035
8531
9577
6313
3245
9796
5760
2615
7076
6383
8124
1864
7223
3817
8820
4411
1790
4999
5028
4678
3403
4834
4474
1985
3077
5160
1602
9954
470
3365
6620
1443
1697
9496
9973
8253
4768
5523
3840
1301
6801
5583
861
8529
8217
3393
1987
3250
8604
3943
1660
4283
7266
9747
6966
6786
7683
5045
8150
9700
5781
4059
4081
1560
2605
9582
6735
3316
6000
2642
9452
9263
3625
2997
9823
3927
3815
1211
274
7593
9515
531
6642
3881
66
125
4543
2267
1316
8657
1155
4191
8136
6038
4649
9379
701
6445
9393
2094
4090
193
4490
6580
8571
6504
1051
5168
2327
3774
3775
2722
9433
8418
3022
9975
2710
8301
9644
1885
8324
9296
6297
3982
6054
2379
7336
2286
9176
2538
1984
4732
2420
3156
6417
8187
7011
6721
413
6616
2799
3834
4769
8713
7109
8512
9104
2892
7088
1842
5547
1163
2990
3722
129
2753
7574
4508
7869
7843
7987
1288
6286
6438
7671
1191
1064
6751
6309
6544
7127
3516
3509
7186
8313
188
6463
5637
7436
2213
4355
3880
4309
7187
1275
4683
41
4488
5395
5478
5560
2646
9610
2025
9188
9048
8882
4473
7006
443
476
6098
1190
5256
5120
6372
5323
1594
7433
6941
7078
2763
3369
5875
2852
692
7497
2361
6214
1309
7700
1685
1762
7401
6395
4541
2639
6968
4893
6456
451
5947
6338
545
8686
5360
9182
1017
9512
1526
3687
2732
787
8393
8708
2836
2772
3002
5184
2662
7758
6911
7595
9046
3257
7338
5467
43
7910
2212
1348
410
1622
7002
4557
353
2940
3122
5644
7831
5480
5186
5005
5798
4470
8809
2359
8466
3535
3720
4142
1584
5695
657
6258
4468
5405
9198
9873
266
398
9843
1341
1900
68
3619
7397
9069
457
219
8584
3206
3670
3843
2791
6573
6592
119
9783
8766
2192
4809
5043
1530
3835
1954
7275
4497
7860
7893
4160
3081
3232
3446
6196
3657
7965
5784
6097
9865
1682
7856
7766
5621
4988
7901
8639
1506
269
511
9002
7282
9451
3848
8328
652
376
1507
9007
2788
7721
1867
2744
3210
3747
5289
9191
9909
9916
535
8149
6475
1006
5961
4953
911
4069
1569
5369
3951
4922
6873
5949
3976
3507
7579
543
3238
537
1479
1976
7494
654
4123
7569
2199
1611
3112
1727
4930
8538
5025
5196
5301
331
1798
3985
8447
1514
8591
6587
9673
183
3147
5336
4691
4742
8976
5457
2778
4882
9100
2453
645
9892
4339
7717
8258
5436
3928
5051
4799
5619
1207
2737
7809
9067
5067
4093
1363
3140
4305
4108
363
6789
8661
6886
586
3797
607
1736
7670
903
1468
6246
7484
5835
9367
4954
6771
2035
2371
3532
1030
493
536
8805
5275
2583
1891
5830
3000
2209
5503
7772
5089
4894
1112
5594
7026
1367
246
5647
6404
3769
1154
7751
9922
934
8429
4618
8370
6756
1111
840
4735
5916
4326
4122
4935
2773
1486
9085
1928
4489
3392
5599
9121
2885
4046
5125
6012
1781
1965
1783
8029
7481
2607
2030
3021
1091
7051
9349
2660
6082
1304
9289
702
5417
112
9014
5687
3224
4625
5586
5908
1128
9751
982
3481
7359
6640
1998
8321
9195
290
1696
5386
9146
8620
2253
883
5461
300
9175
6574
150
7826
9333
9276
6250
1983
4771
7746
7366
908
7824
635
1499
5660
8366
6145
8711
8737
5490
6266
5199
6700
1820
6003
1846
9950
4519
4078
1619
5030
8903
3659
3973
1528
4608
8619
7912
4509
6160
5316
1645
2764
4095
4260
8116
885
2289
1076
2645
8977
8003
7873
3062
4758
5463
4100
5118
9232
3104
618
5121
7546
8010
6453
8615
5643
807
3972
8172
8196
9010
2946
7317
1899
863
3086
2551
5511
7267
9799
6987
1487
2273
1814
8802
5458
9001
4585
5141
9785
6259
753
433
5678
1792
712
3885
9279
7881
3563
7592
7010
7079
4864
3526
614
6493
4992
1729
8492
3207
4765
6932
2463
3
3994
1860
5221
1617
2587
1236
2608
8672
7147
1912
8437
9764
7418
4465
3636
8386
6651
1340
9888
1669
1203
5693
3139
5936
3647
1500
5428
6092
6797
45
7247
6139
6615
5701
5556
8367
6350
139
6588
3726
5974
6089
9106
9867
1806
5413
6480
4973
7888
268
8209
4166
1990
2978
9903
276
9754
8139
7736
5297
1821
9250
2739
2598
8274
1538
738
9174
6874
280
4995
5983
3759
8530
4535
3632
4018
1249
4195
9397
7353
222
7420
381
5970
5277
8051
5852
5706
541
209
7661
8975
5587
6428
5259
6712
1856
6020
6175
4324
2619
7943
4715
3646
1032
77
9803
1055
1016
2296
9228
1351
6938
3778
5008
6812
2868
9138
5129
7163
8986
8461
8112
342
1495
1399
3466
3792
351
9251
346
5506
8395
1679
6379
1898
5885
5873
3406
8082
8344
2472
8163
6498
8458
1671
1823
7237
3317
287
9162
3262
1160
79
6281
4866
3906
3138
2736
1701
6923
1148
743
7698
9425
6324
7537
1930
8981
6637
5286
7954
8915
2803
7676
5727
4170
1467
5105
8628
2955
6410
3732
6589
3604
761
6785
1546
5995
9858
2455
7619
9857
5592
3234
8419
4137
3131
971
6672
5397
1281
6304
7955
345
3409
9978
8414
5703
5170
3173
7538
7284
8105
1020
478
998
4379
6981
1292
124
7209
5408
4269
834
3253
7352
674
2758
3553
1578
9274
6484
1950
2178
7949
3750
630
5570
197
6420
6541
9049
605
5565
7602
7356
8922
3034
1576
2075
6885
1886
7599
83
2157
2116
729
2541
2547
7971
9852
3499
6229
4271
3141
769
4421
7230
8191
4706
5889
4267
9748
2077
8984
4559
7323
6601
1386
7730
5153
9608
7895
3947
5133
9589
8897
8561
8453
6516
6594
1078
16
9830
3768
5535
1463
4867
2766
2333
6263
1370
3335
1811
2083
3071
2652
7049
7415
4016
8950
7310
2761
2950
6399
608
5423
6226
3137
2672
7134
491
8906
8935
9237
6207
5430
2612
680
5914
7417
2765
1731
1917
5076
3795
9004
3004
8200
1355
2349
5610
1722
4307
7634
6496
6079
7276
5629
2153
3685
6337
5370
9015
2220
4013
7686
5532
395
549
7177
2195
6643
4812
7337
1770
8294
8613
4983
466
6361
7124
5651
1024
6083
1571
8567
2471
9587
4554
9364
4066
3379
6019
3142
73
6513
8622
7984
2559
9697
7588
8702
704
5933
3129
6792
7726
9714
3746
1158
4336
6370
224
7946
8551
4858
9771
4811
7228
9910
6890
7456
6120
8555
3542
6800
726
1306
6851
5742
3918
3689
36
1801
3890
218
7763
2332
5004
356
1104
243
1805
6278
4586
2481
1117
196
5161
8322
656
3308
6481
2872
4400
2114
9470
4567
2117
9773
6205
8436
9428
8384
8850
9728
5685
6212
4836
501
2620
2072
9592
6167
637
8537
1758
9575
5296
4670
4899
7324
7633
3591
1650
6176
3674
3667
5416
2350
8527
8520
1462
2644
158
364
1916
4300
8927
1224
2631
4689
1009
9025
3718
7
2477
4491
5590
2122
3534
1409
1812
6230
2680
1908
5192
233
5837
3322
7044
5954
4062
7518
2177
2522
6561
1536
7311
1662
3473
9381
7712
5391
7531
2539
8178
2807
7604
7329
7101
9782
2016
9158
6159
8076
6293
42
214
2103
2088
4734
9252
9416
669
2469
4621
8434
9422
7713
9509
7135
4234
7793
4003
4737
2415
2367
9122
3267
5502
4599
923
6896
4054
4878
6457
940
4111
1888
202
3305
9935
6148
4883
6088
6056
9620
4676
4856
2266
6528
1788
6073
6816
3428
1202
5439
8634
5765
5016
6111
9357
6943
6121
8148
9604
3946
6967
9396
7631
5880
6836
8340
9374
3084
8278
4244
4116
4311
3888
660
2953
2288
7699
4329
6308
8473
8160
1827
2426
9691
2141
6904
4708
1596
2227
6439
3939
6113
265
5500
2625
160
4704
4839
8345
6211
1946
8970
8997
2024
9776
4840
8799
3356
5093
4316
44
6021
2429
3303
8649
4685
8401
4540
7216
9637
8654
2221
6818
7909
1172
9525
9035
5537
6757
7403
8175
3772
5771
4327
4889
3505
6342
7509
8226
9871
1
4998
2200
1809
6766
5488
1605
4181
888
6178
5147
2062
6462
2694
564
5759
7849
2063
625
227
7836
7822
3018
2913
6662
6053
5713
629
5539
5625
1829
4052
3202
6332
4143
589
2295
8223
9371
3450
1176
9332
1598
2126
8848
4709
6837
2961
3372
4207
4330
9534
7966
1093
2158
9929
2317
4850
8287
7293
9641
1052
1187
4764
159
2937
1298
8025
1529
6468
5524
1162
9831
1921
810
4031
2865
9896
9315
7864
7612
4432
6600
2944
9023
6881
5598
5322
9988
8673
387
9501
6799
1137
2786
7811
4219
2718
5338
9732
4651
2841
717
1327
8534
4414
1935
904
5662
1552
5173
9655
296
6762
1793
980
1218
6942
1122
5751
3705
4384
8
441
1092
4514
3418
7982
4456
6864
6666
6622
8780
8357
9243
2447
9081
9621
8019
6339
8085
1887
9376
765
6677
8932
1302
3820
8440
5521
4308
5697
70
8491
1280
1532
2827
9260
1522
2306
4084
997
337
9272
7956
694
3711
6191
5249
415
7155
4766
8894
3423
8767
1614
518
4779
6144
1279
3039
6530
979
4119
604
6717
9075
955
4214
5150
5603
9770
9103
5792
6241
3153
4065
2207
7061
9493
4552
9306
4521
8585
3375
5366
1839
6355
4741
5616
1756
9810
2794
7659
691
1452
6759
5867
3698
9029
2531
6223
334
5972
9656
2860
6037
2211
2427
8506
8967
886
5708
308
9127
8146
3422
7125
3103
8111
4578
108
3756
1718
9055
9074
5015
7119
1615
4364
7183
2384
2566
2667
6010
5123
1624
286
5419
3623
4705
7728
6375
4254
6905
9288
9602
3841
1644
9633
2401
3782
4132
3922
7885
8456
9383
2601
1440
2578
3170
8123
8026
3677
8602
3014
4201
206
6273
7959
2586
5821
8159
4916
6235
9982
780
6086
7303
1876
4680
1159
8576
3692
8083
3761
1582
4582
7711
9316
4180
6062
4348
7427
29
5640
3723
8455
1589
7958
7883
8431
4620
746
49
5002
4523
1071
425
7657
4019
4690
3751
4722
1082
9531
3277
6131
8877
2957
3228
7925
7379
215
8550
1657
8267
8219
3306
6166
557
6064
684
6245
5509
4926
5578
1241
5965
3094
9759
9560
2
6708
7848
6028
65
2591
3631
6318
8464
7621
4914
1039
5555
5804
2223
2300
7265
6319
713
3255
8516
4505
3341
288
9499
4199
2659
5392
6975
6548
5824
2100
2726
5733
3241
5596
3583
2023
1094
217
1992
5274
6689
8036
7300
3445
9755
4810
3713
5861
8773
4428
4643
3160
6899
4088
9506
9169
5359
8109
5913
1099
2027
7389
5510
2232
7953
3644
5460
40
8460
2115
5831
9013
9137
7855
2007
2884
4225
6636
3930
8933
8233
3169
4624
5174
8062
352
5367
7997
3378
1442
6595
3396
5589
3531
4087
1638
7152
9394
7241
4938
1551
2374
285
8017
1245
4350
5234
5628
891
4322
7755
2581
7019
5817
2156
4237
3948
382
4343
4719
7362
668
3100
8284
4527
2592
1035
2033
8308
7402
7445
8669
2002
9709
4724
2834
1567
9419
4236
9934
3622
9681
2729
7430
7469
5200
1995
4014
28
5464
1152
2496
6447
4980
779
377
1896
6811
5892
51
3896
1125
3763
4720
5520
270
8789
8707
11
8725
2768
2849
9583
4351
9649
7095
8218
976
2708
7153
7090
5268
4703
5175
4467
1384
6454
186
3070
2523
7681
6115
2244
3828
5317
3588
7767
4008
6855
8316
339
6720
5533
9507
909
3037
8765
4039
9705
615
9849
7886
5325
9392
8496
5582
6752
4263
8856
2513
5753
9846
9662
6277
6982
4493
2796
8454
6483
622
5157
4253
1323
8589
85
4901
5135
2360
8450
198
3343
3110
8704
4074
616
2331
986
7816
4661
3292
2636
576
1215
3676
6217
2307
514
9643
6877
9795
8273
3010
8204
9814
5548
9065
8939
3192
2928
1437
9744
7704
7733
8057
7580
3529
1034
8075
6838
2536
6078
4749
1982
9816
2835
3993
4825
4140
3249
5768
1026
6900
18
6758
9894
4982
8938
3005
2856
9514
5066
571
4991
7448
5911
6996
7861
8282
5851
5571
5119
3461
9214
6103
8117
4528
1656
3066
1686
917
3275
3829
3872
5823
6944
2935
9117
185
1411
4532
4601
802
1385
2278
7055
6910
1895
723
231
4616
6989
4459
9457
7632
1107
8481
3435
4455
1944
9844
3177
17
6455
4373
6391
5441
4036
1474
1759
4880
5838
1252
4114
1383
3779
6876
4786
2445
3868
5263
688
2005
1413
2929
3197
6553
1647
1817
5214
3690
7398
67
8757
6389
2727
8155
9974
4077
948
3869
4635
4291
4001
3085
6173
1473
6220
192
5061
3268
3581
3757
3419
8242
6657
7498
5197
3870
9000
4830
3520
2932
6267
7979
8874
5321
3913
1866
7244
5468
8596
8462
3079
1432
7998
6467
2731
8558
6823
2918
1932
1739
3612
4699
8982
4387
3908
4396
1050
3903
8756
9517
2294
5549
2666
3456
641
9862
7239
7238
4793
3730
3675
1642
5841
7233
9928
6414
1893
6128
2240
2511
9495
7996
8931
9527
4338
7500
7092
2001
1382
4974
2879
5368
9961
1422
527
7644
4844
8184
7294
823
5840
8868
3133
2167
560
9824
6678
4584
5226
7590
4898
7272
2398
8575
5645
8988
8285
9020
1951
7128
4481
9558
2917
3012
8667
2183
436
4415
8169
4097
6422
1493
2524
4693
3576
8892
1116
6934
1446
2548
3802
4061
6820
9822
9220
983
7693
6320
7215
8835
2769
9970
3796
8405
8257
1314
3688
9204
1295
3373
2155
371
3179
6859
6954
2314
6524
3550
5766
7735
3415
9060
5152
329
9480
3564
2036
9078
8298
972
9536
1861
8912
1464
8595
3279
1068
5876
6116
3854
3889
5018
1231
6119
8446
5606
2743
9471
7623
7830
9434
9112
3244
5874
2363
2281
1961
9599
7936
6920
6464
6853
1621
7080
6099
7004
4815
5477
1161
3299
9533
9994
1559
5822
5110
9605
993
6450
2755
9233
3065
2247
2108
7091
1981
808
9159
3514
1037
6437
1459
24
4184
6745
4106
3340
4148
4762
7405
1665
9879
9848
5770
4070
6754
9443
4086
8517
3791
8637
8490
2487
9502
5466
7662
7529
4134
3822
2405
1033
3135
5073
5866
5646
6602
9239
9164
8940
9155
7150
1819
3740
5725
2912
3739
6014
5329
2425
4590
120
1757
1543
9635
8504
4711
7274
383
3875
6206
7347
4668
225
8201
6739
2120
1359
4139
8237
3283
5238
1513
7742
2904
6294
5663
5363
5225
1537
5260
969
110
7296
365
9914
5499
7880
3198
5953
932
1568
4020
3737
5095
5746
4553
9720
8511
1968
2881
6603
3237
5730
5269
1784
6219
1962
2520
7204
9123
1915
1010
5334
2671
8616
5652
4144
156
5862
5743
7674
6509
1774
5848
9962
7875
3061
3691
9231
9459
5085
6992
5526
7786
7641
1702
2673
4460
9408
497
9066
9964
3545
859
6050
3220
5857
3801
5077
7568
1826
4064
5056
4462
6477
567
5987
7350
1028
3457
235
2259
355
6579
6557
7625
8861
7839
5581
8276
3504
1210
5896
7021
8091
6627
9813
3602
6503
870
8422
6008
2486
1362
9329
2911
4960
9224
2435
5307
8061
5686
877
9366
3547
3525
3844
1741
2874
1110
284
3650
205
8024
9904
5749
6852
234
6110
8119
9591
4240
6804
6895
8732
6606
6902
2043
8845
2353
2176
6586
7136
703
3319
2285
698
7764
5272
2952
9884
89
2733
731
7142
6069
9467
9420
5047
4026
4847
3096
1743
9726
7502
2771
6665
1058
6572
5648
7182
1803
4801
9500
5531
5757
9920
2503
7270
2303
7059
1853
5783
9547
7535
5098
6280
7563
6048
3162
6660
8572
7584
5910
9682
5871
8928
2614
2119
161
7526
7784
3429
5080
5032
5471
6316
7257
247
3741
2589
6623
4
5074
8352
9696
6306
6997
9694
9574
7476
1583
4803
3600
4669
5217
1778
9299
6202
5604
4912
9736
3731
4318
8355
5285
3033
952
3969
4217
2818
8198
2257
1284
5912
8961
914
2102
6177
8337
6243
8827
7867
8870
7664
4164
3281
7908
2873
665
7232
1319
3937
3700
7035
328
8925
3145
5262
3907
3865
1418
7759
4366
8002
4173
4951
2269
5371
8941
5890
2569
5348
4245
8164
7801
6803
5994
4335
6576
1244
8554
1973
2808
8413
8609
3476
4227
4574
3517
6382
6060
275
5763
2020
1764
6893
318
8364
4537
2640
7800
8719
2189
7319
9550
2822
4282
7932
7969
7378
2593
8295
8390
8742
4354
3348
603
3788
7231
8347
9386
8049
4367
4891
3182
3724
9503
4969
6368
5354
2494
9564
5070
8448
4304
7065
2146
8203
6411
8494
8127
9907
5472
7208
76
8992
3352
5815
3565
1943
2124
7038
6384
1652
7446
7522
8423
7703
5083
4795
1542
99
2224
1849
2665
6340
1378
8214
5052
1989
9482
2654
1317
1336
2051
8914
5901
1285
4121
6908
187
5264
7493
1354
9053
8706
8332
6328
3223
128
1626
4731
5190
6828
8090
2623
6136
1344
1135
1433
8730
3265
7249
5971
7666
4344
6569
2656
4774
6401
7714
2902
532
728
2152
7978
7905
4049
642
2826
503
1273
9578
5752
7351
8747
9540
9437
7289
8180
23
370
5813
9968
826
2373
1575
6508
5820
4426
1664
2633
8631
9947
3571
6268
2113
6330
2532
2943
763
8695
5169
9752
5902
7457
588
5003
3484
6427
2960
5856
7008
9460
5559
5636
6333
4597
8557
2850
3498
7137
6511
1277
5573
6156
9330
2967
7539
32
6074
9202
6204
9811
3776
213
3717
8651
12
7606
747
3325
2351
106
3119
1733
3203
6870
8768
379
7178
3641
8965
4147
5588
2970
5205
9520
771
7745
4754
8755
4823
4294
7651
9679
1365
1289
4675
7552
9612
5216
7853
1977
2282
572
9456
5923
8297
4921
325
5505
3076
2330
499
1255
5425
3508
4653
6782
6719
8300
3321
1074
1353
2910
7461
8359
8829
8404
3467
4739
2877
8864
467
7392
1616
3522
9724
3186
6857
5542
7258
8088
9552
5955
7578
936
767
1436
2677
7089
9722
4025
796
1417
2626
9516
709
8468
3515
3716
9453
6584
4342
5850
4857
3048
864
3439
1038
8524
2198
4413
4110
3350
1509
6760
8502
5618
7530
1503
6892
9778
2698
4753
987
9479
7677
2838
1871
5940
8740
460
421
4817
7768
2238
8147
3051
1591
3357
237
204
7410
4221
5926
7170
3745
7525
5928
297
2949
9295
39
4835
5101
1632
8131
2437
5519
5298
506
3784
9854
740
9399
5956
2948
7200
9579
5185
894
638
8263
8547
1879
9212
5981
7872
8140
6692
749
3282
9343
6946
4692
2719
1688
2092
1931
7753
8108
1837
2454
1807
5343
2008
837
2908
8814
3601
6822
5116
6860
1875
974
1274
3910
6203
4759
134
7920
8329
5239
1396
7533
4182
62
9449
2717
6596
2411
4127
3362
8115
5877
5202
4594
1708
7245
803
4656
4565
2965
6260
9312
7160
2485
9472
9319
1174
7897
1494
118
3954
7428
2104
7097
7813
1343
8053
9792
9953
8141
4977
8186
5991
1460
8871
1955
632
4631
2506
1845
578
7072
7616
732
874
7576
3567
6283
5649
6825
6718
9030
3837
4363
3710
9205
9008
9283
7527
4884
1260
8535
5179
3358
114
9711
1971
5564
6821
8244
3959
3793
2742
1276
48
775
3243
9997
5014
777
3748
6919
2465
1313
9300
6912
3620
7507
5705
2927
1356
1188
9338
7597
2215
7637
2439
5700
2478
1581
6832
6147
1434
4079
7903
3639
9150
1637
4600
7783
6133
9455
1475
5377
2833
8821
4422
2458
263
873
6567
7399
2293
4712
6624
7828
2734
253
3839
9650
9684
1021
1225
3696
9568
2399
3426
4492
6272
5050
748
938
6702
832
1004
7207
7404
1338
6242
1677
8500
2473
719
6806
5969
5020
7202
4006
1073
4185
1815
7264
4345
5075
7348
2844
2370
7844
1763
7102
2986
1639
7643
8469
157
4209
4718
7012
3940
8292
4369
9969
8717
7034
670
4487
311
7383
7559
2417
2248
7043
577
7902
5350
1959
3164
7802
3974
7099
5632
7254
9339
8006
6359
1925
7896
4663
109
9442
6791
7565
6043
4360
9937
2475
2703
8607
3992
3607
4274
5887
8739
1748
8365
1278
1357
4067
1151
5688
4968
1593
7582
5554
3390
9135
3830
1325
892
9911
380
8712
2811
7086
647
9850
5177
1816
4178
3016
1531
9530
463
2318
7195
3175
4407
1588
7437
4228
9772
7790
1469
1256
6676
2535
2422
3387
9594
1565
9706
8235
8013
8626
9441
1393
5320
9405
9905
1592
871
4942
6262
2140
3273
4755
9789
2842
4437
2504
8126
6952
6402
3097
9609
8101
6251
2675
170
677
5053
6039
282
5602
4376
9183
3945
9487
2162
4341
3521
6104
8804
9543
3208
1666
3296
4268
126
8424
2723
6512
8647
2959
6950
9490
7259
6036
7419
9838
6386
4501
2867
7929
2381
4383
9208
9172
3905
4640
3842
9877
9351
5941
147
8113
7815
4946
2151
6354
6363
8817
6956
9733
312
2828
636
8081
5800
4671
3313
3824
4634
1785
4243
8840
2067
14
8836
1884
6499
7111
2516
5022
2730
7334
4571
1136
5448
7765
9932
5242
6669
483
2109
6813
238
3760
5136
3729
8391
9056
4943
7950
1870
5854
2684
1455
1402
8709
9200
3025
7434
9230
8858
9080
4772
5213
3345
5232
4717
9161
3284
1802
474
5254
7169
9071
3030
3712
5187
3414
7357
7479
6659
135
162
454
4258
5308
5921
5128
941
715
1014
5639
1209
2347
7001
4828
6909
8475
1972
3597
5218
146
8565
7219
8644
5300
1015
4627
9450
5855
620
621
2998
1720
7863
1824
1689
2392
7750
3605
6394
4548
7776
7387
5677
9638
3683
508
4503
6282
1366
9216
5021
8675
5456
6519
7301
8826
9282
2687
6991
2647
4813
7464
8161
9052
6621
4027
7037
3416
947
6055
7309
5493
8093
8736
559
462
7524
6358
2309
8664
7752
5525
2476
7829
174
304
8342
1130
9845
151
4792
2930
5212
3998
5881
7432
2410
1501
8380
1523
9261
8409
1388
2242
5942
8559
7918
6041
3965
4967
1850
9890
9298
9693
9872
9291
6568
6794
1969
3665
7495
3855
8963
5671
6958
5195
4855
9820
2436
9270
3215
7556
2037
8102
1103
6142
8762
7313
8891
1548
6770
1428
9040
3783
8100
6035
7952
7118
5327
8942
6405
2533
7687
4420
1949
3127
1771
7022
2483
1655
5842
6356
3293
6127
5373
452
2029
375
4440
2721
242
3254
5691
9219
3394
9585
3117
354
7543
3577
7409
498
9488
7723
3586
9942
3095
2745
6767
2006
6415
3519
2757
7587
8995
4443
1754
7960
2555
104
1271
3770
8924
4756
3221
811
8849
2871
865
5081
2118
1233
1620
1604
1167
5376
2896
4851
5739
2947
7558
6768
9600
3935
1643
2377
4918
1170
4452
1730
797
781
3036
3360
1502
6658
7192
9690
2173
9971
8426
4507
4276
3108
5313
6538
464
4163
7705
901
3808
4652
8336
4138
7117
5579
442
7541
9721
515
4569
2441
4257
4747
1515
6972
9851
3555
1654
6730
7658
2976
8317
1854
3924
6865
2479
2823
3714
1746
6095
5527
9317
2225
5267
1810
9091
7444
4957
643
2056
7435
9855
1086
3310
4641
5209
5193
825
8630
5040
7570
3753
8521
5229
4082
6510
489
8958
5818
249
9529
3790
5176
9860
8246
4748
722
4696
6748
5287
5794
1439
3957
2776
1974
3493
5387
1855
7441
3598
9899
8663
7470
5572
6549
734
9368
4043
9489
5139
5470
9444
3006
7221
7506
8819
5288
7636
2634
849
5237
6244
7132
710
7438
3214
8134
813
487
3465
5868
8726
6613
8106
4388
2406
1858
5465
791
8753
7467
2715
675
5905
2798
4475
2888
4647
4570
4842
693
5496
5802
1675
7205
502
8881
7516
3331
6108
3189
628
8677
8020
2073
5964
2977
6009
7898
5992
8786
1337
5605
9532
6736
8764
9788
1997
6714
4687
3956
7365
2432
1952
2704
9284
6314
3130
5455
203
4791
5946
9038
3377
6545
1297
1938
4331
4524
8507
8407
4997
8887
8215
9464
9403
2128
6140
8077
4314
6894
8721
7990
7194
1772
7452
2061
981
2022
5291
2438
1193
72
9229
3813
3559
7598
3384
5676
4832
5540
168
8096
6951
2802
5654
9572
4871
977
1597
2235
2984
5029
3995
2354
5138
5624
3898
4518
180
4573
663
2669
8612
9952
8944
4956
4361
4358
4028
6965
6434
3307
7540
9668
3658
7857
7468
1910
1922
1144
6641
736
1305
7220
7031
8763
9897
8174
9565
4549
6931
420
7890
8476
3323
6298
8888
8728
4560
6032
3742
2041
272
2565
2563
9465
8674
6285
2186
1659
3318
7904
7613
6687
5819
6143
5276
1346
4281
5986
3932
9045
1609
9404
9269
8692
6795
7840
6024
8341
9417
1065
7935
8037
842
122
8208
9043
123
4032
8645
916
2457
3125
2424
3413
444
8782
7835
2339
8259
319
9917
5918
2862
5164
4994
4672
4852
2979
7154
5721
9715
8239
9141
9804
9304
6392
9308
178
9345
3113
7722
5054
2793
8194
8383
2701
6201
8727
705
1676
480
2770
6917
4389
6668
1043
9645
1444
5332
8216
6184
6002
8489
7126
4929
5726
4964
5811
2968
9794
517
4778
1901
7747
2433
8744
3693
9475
6377
8733
9385
98
6042
7805
9738
9477
7868
5728
8493
2382
8700
6352
868
822
8249
1658
1595
4824
3364
7679
8553
1978
4944
3527
2689
741
8212
2632
6135
1427
1429
7915
78
4094
6970
8310
730
4197
5088
6366
7164
8210
9131
4463
7756
2864
5919
2637
323
2287
8760
5041
3381
343
546
9458
3958
4167
5937
1044
2869
6618
3767
6765
8562
2992
9303
1848
431
5801
1085
3115
1557
9545
5158
6546
7916
1369
5090
5716
3053
667
1101
4596
2112
9438
3264
1704
9654
1587
7672
8118
1180
2831
1445
3067
4660
5132
2462
6102
2229
8580
7963
7906
2891
4156
4128
4542
1401
9478
9119
2858
5536
1040
4399
9780
3468
2097
455
2699
5935
6810
2491
7322
6284
2936
1096
3876
5702
5886
699
5976
6016
7030
4566
1395
450
7285
3648
3610
6491
6710
9277
2168
1097
207
7480
664
1142
4445
2450
7900
8825
2505
8646
2931
9972
7100
105
13
315
2621
473
8368
2194
6351
5738
1628
5827
8158
9723
2409
6426
9597
9217
6100
1726
5591
1880
9806
5732
9666
7463
5666
177
6783
6443
1566
1253
8749
7544
4023
153
400
6552
8895
5382
4591
4333
8863
7608
3143
9619
3411
4617
5626
47
7003
6461
9528
6655
7762
1013
3494
9134
954
3528
8272
7349
924
2060
5943
4409
7957
4434
3539
1520
540
9178
2489
3338
4888
475
3664
2999
390
8170
5673
2942
7638
5126
6986
1088
9389
2400
2540
3811
7642
8650
8479
4773
6929
3087
5331
4029
1196
4012
2188
5630
6775
7939
1232
4804
1623
9353
9309
2501
5755
5058
4877
8989
5668
3991
3694
8334
950
8410
8951
1648
6374
4252
7371
9895
2139
7280
2324
6469
107
9076
1012
8621
6486
9026
855
896
374
788
1430
6953
8593
8314
1878
3727
7980
3827
862
2260
4530
9189
2250
3556
756
5356
7739
5473
1248
9346
5131
4042
179
8954
8339
2452
2031
8060
2482
9887
80
6213
9012
4827
6685
2111
4698
6295
4075
5847
6371
1693
6562
3176
8497
1129
7930
8171
9885
7523
7923
6360
3758
2720
4822
1747
844
428
3290
8934
482
7991
6507
2617
633
3035
6995
2492
3347
6879
681
2142
3011
8044
2170
3719
8790
326
2284
6423
9059
4657
6334
3106
6713
9593
3017
5772
295
4210
866
784
3548
7014
9063
3157
7364
8104
4235
8956
3660
5201
9622
7298
4385
3327
8752
5481
6581
3643
9324
2556
2854
9874
6412
2774
3483
2622
3402
6518
7166
5019
1573
2610
4212
7070
6253
3953
4216
1787
7450
7306
4242
9876
1745
4375
7808
303
9301
6979
2271
2876
2606
211
3904
8901
4188
574
5736
3082
7876
8945
4996
1680
4626
7083
7605
6227
7327
4241
2237
4985
6848
882
2270
133
3609
9702
2239
1329
7702
2395
8999
5504
8182
8451
757
915
5614
553
2444
1138
8021
8181
6289
3879
2321
3397
394
3460
2048
2806
6406
3212
7684
6275
4619
9235
5155
996
6343
299
5793
7312
9047
7926
4190
4206
3933
1612
3599
1496
6867
3216
7382
3251
8902
5115
3166
6183
55
359
9966
6808
9661
4198
3444
2226
95
6940
2372
6846
2683
5878
5623
6400
9657
2508
3497
9380
3226
9268
2265
9526
2845
905
7914
6680
5561
1707
8444
772
1293
945
1735
1139
2847
7077
9050
7586
8228
6015
9196
4933
4362
1476
5832
7036
2779
1907
6441
7151
5745
7572
9126
1505
5055
3201
8741
5642
6578
6937
9614
6497
1673
5167
6182
5859
3805
5557
7618
9426
4562
4200
5563
6255
9290
3063
4115
3438
3616
258
5541
2580
4419
3388
6322
9491
685
7407
8578
6861
1072
9686
5491
7056
8231
9292
827
3328
9567
9039
3424
6907
819
623
7821
5985
2574
402
1270
5883
9387
9293
291
7866
3579
3561
4162
26
2705
8055
6535
706
6728
7951
7273
847
4910
6889
5353
5917
4612
4561
3752
2058
8443
10000
2502
7913
8978
7112
9642
7794
6716
988
544
1979
1579
5720
1011
2013
9815
8486
2390
2797
8917
4449
189
6746
4124
330
8691
3001
3919
1630
1164
4870
5453
679
8372
8318
4262
7964
2169
676
8032
7818
6854
6769
7819
4063
8518
548
8598
1799
5079
434
9446
1918
6957
3470
6367
6407
3764
7748
6233
7553
4568
3672
4130
2685
4806
1330
872
2785
9096
8307
9372
9562
4302
7363
533
81
5682
2830
6824
6373
4862
6849
5154
264
2650
220
9912
2047
3024
3733
7368
195
6170
5551
317
9336
1818
4816
3205
9980
7040
3781
1857
9271
6431
8207
9626
4770
9337
8335
3566
7342
2396
3575
9226
1478
7218
2925
9190
4072
8162
8346
8685
8227
2657
5773
9435
8277
4208
3962
2519
3877
7343
4664
5303
6540
970
4135
3478
1766
542
1115
438
4829
809
3168
9210
7121
962
7554
9930
3474
6091
2781
1948
8731
1929
140
9320
2599
2084
683
570
946
2613
3152
3301
8474
7941
5065
184
2517
6826
5634
9624
9369
4738
7792
6614
1940
446
1782
3471
6534
8248
3421
3380
2886
4572
7564
7176
3981
5680
5982
2106
208
1706
711
7649
2880
831
4310
8533
1364
2562
1322
368
8662
5220
3955
7542
5597
7058
8573
8353
7159
6829
5601
3582
8435
3069
2263
5816
9999
8078
7140
9313
2870
4744
3894
1527
7297
5233
7174
2528
1219
2756
7385
3587
5410
3178
2249
5191
8880
1791
7528
4939
1205
5789
7422
538
2735
9653
561
584
5707
361
7424
4727
7581
2624
8315
1832
8503
262
4092
148
7210
7291
8288
9625
8427
1906
3080
3594
8722
101
5375
1453
3806
9132
9735
2408
8509
3219
9519
3449
5241
2840
7791
3342
1268
1372
6118
6195
8872
5767
6315
1674
9481
8389
6247
7429
8659
4966
3915
163
1838
520
9805
762
8991
2040
1993
2706
6763
6686
8627
5227
9685
3592
2052
1108
9798
8813
4278
7490
5635
1150
4161
9979
5104
9611
2527
8213
9812
4544
4151
7961
4418
5710
4781
6072
5734
2572
5566
1389
1201
6675
9016
2299
783
7485
2110
9563
4556
8971
9469
1517
4986
6495
7122
7983
8774
3832
2101
2261
4506
4113
6022
6181
250
4255
8467
5653
9946
585
2343
8745
6387
25
9151
8014
6274
4975
646
5795
6575
9256
5328
8776
2897
5057
3755
2191
412
5031
4496
9632
8470
399
3554
2245
3336
9462
3195
8079
5134
7591
8698
1328
7131
9730
599
1407
9382
900
1070
6197
4911
8603
9775
2795
7483
6429
2890
6827
6045
1307
2688
9880
7986
3408
6921
3863
4332
9440
3944
4767
1953
994
1106
5476
1744
2861
8541
4476
782
1246
9958
1134
3590
1541
9993
7039
4229
9194
3088
5711
4740
5501
4752
2974
6612
4848
3271
3031
9486
8957
3038
8023
344
5907
1087
2817
3259
6831
7105
8632
6590
2883
6582
5046
4105
9019
7066
3666
2313
9473
8103
7346
4581
624
8133
2498
6040
9951
2233
6939
7406
1737
9207
9949
3246
963
554
5406
6027
6697
590
1760
5236
4050
836
100
7305
6218
6323
2066
4299
2627
4932
848
4963
5879
6155
1212
3572
6842
8432
1719
4368
2676
2752
2975
3019
3669
7583
4677
4900
9447
1504
6347
4286
9223
6390
8430
2451
3472
2131
9537
2812
6018
3679
3523
4504
6446
2966
2315
5609
8993
7133
7063
7504
8001
9670
770
9559
9203
5845
3309
6983
581
7333
5997
9142
1466
5522
292
7970
592
2275
2165
4296
899
3859
3023
7355
1732
9921
745
8330
3803
1262
3287
1269
432
6973
6985
5094
3276
6349
9062
2716
724
164
5011
6141
7068
3252
2809
5293
2920
8289
8120
2251
5608
7731
790
2500
5304
5270
7720
3645
3064
8442
8095
2130
8952
1005
6052
2801
8947
5999
2246
9410
8008
1524
7141
430
3026
4644
2166
6959
137
5092
5538
7862
8823
1387
8125
8893
7367
1381
5390
7172
801
8948
8655
5244
6723
611
2901
3804
5758
4223
3107
5696
1098
3668
9179
3634
7807
7466
6796
6123
182
3258
9073
9692
9703
1941
6650
2012
2810
6971
8054
4903
4098
725
9829
8176
3578
5485
6869
7710
8779
7694
7341
1333
5558
2577
9508
7005
2003
2691
4153
3614
8640
1988
1960
9576
7328
7023
6964
1703
7212
990
4301
6465
5111
7381
9522
2787
1711
6209
7093
6013
2150
3286
9986
2386
4035
7029
5904
4202
7550
2805
5553
9213
716
5245
8930
2413
5380
7928
3295
4146
2011
4538
5344
5580
6190
6694
6138
1521
7071
8846
9234
8660
9983
4211
2534
597
4247
6396
6690
5144
5984
7149
6436
9355
6924
9672
3864
6077
9639
4958
1461
5979
2161
7278
4041
63
8588
4433
8397
1585
6570
4288
2389
8715
4629
8224
879
9192
4802
7937
9238
6617
9201
4526
9034
419
5084
2989
4273
2993
4080
3546
5699
8751
4374
750
141
6724
7081
9009
34
2419
1687
3233
1556
6571
9671
9042
9883
5117
350
4725
5318
4442
7865
5799
4684
347
1723
7995
7290
1919
2550
1963
1933
9153
6705
7620
423
5494
7460
4605
1779
2431
671
6798
6674
1472
7198
191
2945
7596
4700
8325
6738
136
4920
6583
6157
6341
8904
5037
8254
5445
1868
6451
3043
5063
6856
2316
3680
6490
2345
8293
7158
6290
4536
3326
4534
7129
6563
3231
2713
7286
6722
3883
9683
9421
8338
4516
8569
7887
8229
4513
6208
2154
9248
4249
4483
4819
8618
8807
223
1966
1847
8878
7287
659
6747
7060
1448
9647
4232
7229
6928
3003
5805
8666
895
3630
9287
1934
3495
7292
3678
2934
9710
8875
7084
6654
8508
8832
155
2866
5082
5278
2497
8703
627
8225
2338
9356
9099
9384
4226
1751
1717
737
8220
6270
7521
6001
7787
3334
3926
7838
6265
812
226
4650
9651
9513
887
7727
6670
984
5633
6631
1266
333
8670
8247
5966
6299
5374
7308
2985
9497
1321
9695
8485
494
5000
1379
9791
6397
8909
6727
6238
8190
9584
6726
6034
2174
1214
7184
3433
7615
2648
8668
7478
3332
4261
8777
5780
2821
521
6163
742
232
2143
3560
829
4466
6608
755
1606
9253
2164
2514
4716
7832
5459
6500
7330
9768
4906
7015
2042
6473
6485
5442
8787
8137
1200
2597
7009
2369
8980
56
8687
8471
930
4477
4545
7567
927
9677
1410
550
6416
6031
2664
795
6753
8135
7647
6070
8498
9341
7715
316
176
3652
3148
2695
5204
393
1179
2352
9095
617
8563
5737
4395
8759
1041
8610
7665
4165
8323
5215
3929
4615
6610
2857
113
4183
4583
2751
1286
5786
5023
6532
9718
4154
942
7199
8720
9032
2132
8842
3999
1053
9675
1957
8605
9590
1326
3878
338
9833
7032
6096
3909
9941
1970
7252
6632
3184
1651
4636
2983
4251
966
650
8690
1698
7288
5319
4089
4285
6137
3222
1980
4328
6101
1699
3736
2661
5498
199
3543
2561
4230
579
5939
6815
6180
3447
8351
8699
956
1342
3167
8031
4129
9908
8680
2095
244
4055
961
6555
8794
5690
7046
8009
2906
4563
9787
5569
6017
3952
2585
2638
2202
9124
1873
6232
2600
5552
3882
6479
9936
2105
2442
1425
913
3442
1618
610
5246
2588
3682
8222
1000
3312
9898
9664
1291
7769
1282
8718
3707
9739
5432
7985
4002
8688
4471
9753
9535
1872
5718
2127
8034
1360
4714
7115
8617
2057
4798
143
3248
2255
9756
8869
4723
3628
9924
8996
3934
9834
9331
9729
3721
4564
5421
1003
468
9089
127
2093
1755
3477
3391
3074
5257
1062
2319
4189
9285
1199
8772
7511
7372
1635
2341
3091
4259
695
6522
9225
1311
8738
2185
7547
5849
999
5846
9902
2076
3780
8145
5996
6526
6185
3490
7222
8608
5977
8689
4787
846
3754
2301
3684
9259
2216
2595
4175
8387
1075
2579
9378
6353
2499
9167
1140
9082
1349
2545
2297
4071
878
7227
7253
4598
8230
3871
3315
3374
1775
5309
4325
6162
7760
3453
5165
5364
261
9699
7650
8910
3485
8566
1945
6731
5412
1192
7738
7519
5036
3420
7255
1482
9870
4352
4051
1681
4905
8729
1060
4603
7331
4133
7016
6787
5761
4746
9878
1105
2509
8866
2017
7707
4010
495
7754
9227
9521
372
3489
2385
7594
672
7841
6065
1889
3615
2740
4033
1206
4279
4662
9750
8425
666
6840
5295
8472
409
5399
8911
4378
3092
4402
4588
5930
4321
5444
9991
792
7451
3269
1716
9601
9569
1221
2355
5347
5452
3960
5681
4623
5440
4349
4502
1299
1023
7400
7788
9247
6240
2305
405
1911
6704
255
445
5228
6005
7774
7315
9305
6918
9335
6948
1519
2148
776
3856
8252
3902
1045
7510
9474
9429
851
3150
9802
9836
31
221
4614
5993
3988
2903
9925
6478
6974
1042
5957
3075
5530
1902
7426
3042
154
2184
5223
2334
3101
1318
2196
4533
965
5235
4017
7473
658
4659
6068
5381
558
3892
6409
2055
4117
3963
3866
50
1335
3603
3624
8918
9588
2147
5631
639
335
6531
1890
5497
510
435
2375
3448
4447
793
5731
4849
8837
5659
794
256
9173
2962
3132
3304
7453
6564
9708
2933
2107
7798
9859
513
115
9667
6611
4931
7508
1127
8542
9786
5096
5948
2490
8243
7917
8296
9779
1691
2292
3412
2544
8438
5960
9746
2068
2026
7652
6234
2290
2938
9727
3920
7321
3491
9090
587
7817
3501
8859
9659
7214
8374
9869
7268
6706
5355
7114
9663
8004
7882
9105
9561
8097
9244
6239
1182
8487
2558
6698
8544
7340
8449
92
3126
3989
5113
2521
5326
5550
7486
416
5450
7213
9618
8710
9197
7749
3242
3942
46
7601
3923
1825
5568
1166
3574
1420
9646
2889
5577
1376
4152
5756
2568
7173
5211
1728
8907
4480
8831
1421
3518
2832
6514
8705
306
6901
2045
9571
9267
6963
8815
4446
8255
6216
6502
9409
2702
7688
2311
1100
8286
4695
2839
2537
8270
5335
9079
573
7777
5024
8069
6310
3810
3818
9919
9555
8962
1216
3437
4607
8642
327
3540
7224
7944
181
6977
959
3568
4438
1061
7123
3735
3809
5282
5060
9977
4451
8625
3821
5294
2304
8373
6150
6066
5809
1956
910
6565
7877
5790
6888
3354
562
7277
5271
9084
8275
6913
3857
7042
4673
4125
5715
7465
9184
3434
4818
5888
1408
951
3383
4632
1171
8536
8867
2356
6029
6527
519
8889
3479
5607
7696
7847
6880
2028
8857
469
4126
6607
9717
2907
8885
6802
935
9658
9882
9595
1533
600
6788
2495
7335
4860
9940
6087
2208
5872
7262
4107
707
2423
7471
7858
7146
1808
6248
5534
1374
8000
5087
6449
2507
6105
8121
3193
601
1994
8648
6257
5433
3247
6047
2630
3366
2914
744
8754
8129
2825
8058
4205
992
7281
8193
4940
6830
341
9688
7724
2941
897
1375
5514
408
7057
210
3211
1237
5188
6898
7246
1613
8761
1843
7851
6525
2711
8005
9140
989
5909
5062
3633
3073
4979
4915
7240
1018
5330
7725
1198
5797
8087
4923
9990
4047
1508
2557
9628
2404
6193
529
6264
1394
5684
6833
4264
1002
5674
8477
7627
8236
2692
5775
4861
9856
340
7377
7741
3371
448
3512
4805
75
5989
6192
7795
4427
4780
804
8750
5409
2440
6357
7394
4962
1240
3058
3617
2882
298
4628
9886
653
8890
8343
9725
3503
3867
9005
6715
9524
3807
7577
8110
816
2187
8684
7474
752
7785
1084
305
9
8771
9264
9826
1063
1633
5001
7846
8574
3925
1600
9246
322
2099
1700
1631
2326
9024
764
391
7013
1710
4431
6847
7988
7380
925
8852
3046
5717
5689
1627
3441
4004
4417
3629
8167
8822
1667
3971
1079
6550
1672
9719
6682
7719
8652
2800
1714
5562
7744
3536
1089
5292
8913
4875
5931
8482
7075
3938
9297
5833
4353
939
1765
8421
8045
4587
3235
4120
2291
289
6645
1081
6897
9570
8084
3363
6784
9109
2518
1492
1572
8266
9395
1865
5396
3513
7462
2951
3158
3860
3480
5443
2394
2470
367
7639
2049
8238
8860
9418
5402
4525
960
4171
7488
1678
6882
3165
2895
7770
9359
257
3886
4896
4642
5870
7977
7669
1303
200
8271
1177
5865
7104
2182
1424
3261
2416
1406
8539
7499
2337
245
171
1419
1510
5148
3060
8943
5927
1882
5934
1059
3230
4021
4287
301
1124
2853
6292
1939
1222
4408
1157
2939
3662
6916
6071
9236
1345
6732
4340
6312
6777
2512
8012
3256
2335
525
9573
1057
424
3093
9760
3199
8192
4606
8463
5891
4701
6835
8606
8758
7279
4174
9765
4919
6151
1296
593
449
426
6317
267
6169
6388
3656
9286
937
5243
5664
2575
8064
7459
612
2972
4346
4794
9701
8955
3436
8206
6778
5006
9463
5162
9866
5869
8862
2996
3551
5593
1897
4551
2746
5829
4233
3703
5741
91
4423
2236
5627
7374
1178
8830
4838
6305
2915
7344
9209
2515
2004
4370
2674
9003
1713
7780
5864
3831
3812
4710
8851
6011
3949
3833
6171
4096
8785
8694
3826
1054
4924
6271
486
3451
6780
5475
453
1555
5357
7316
9640
5219
1294
8452
7000
3266
2956
1549
6577
1145
4576
6725
8513
995
38
9839
5474
9041
4913
1892
488
6926
6536
5575
5508
1457
5422
7536
696
7144
6408
594
9984
7668
2954
5426
5183
6291
686
4397
8144
9028
978
8816
4215
2302
260
3404
6059
9072
1223
2526
8560
6249
1300
1830
2792
8775
1454
6261
7706
3511
7393
5435
2366
3386
7992
727
8072
4179
69
7449
8714
7027
4837
4874
8354
5899
6776
3695
2090
2402
8743
5484
9401
5482
4000
6301
9891
6419
7757
7487
6168
309
1490
9959
5810
2567
9281
9652
9837
9273
5266
3884
5207
2748
818
481
3846
4068
9716
2510
1483
8579
4843
2089
9436
5782
1312
4250
7630
9840
8658
973
7271
9413
1242
8143
5729
1813
8784
1451
4679
3728
4757
8416
2916
1197
7443
8778
5658
890
8039
3980
3743
8800
9992
2629
2380
5315
9960
1534
9077
9215
631
8854
6817
4936
7193
926
4697
7692
1491
8587
4633
417
422
1996
3608
1049
2383
1636
7972
1247
4101
6228
2887
2065
9468
3068
4611
556
7302
7108
4846
9218
90
1563
2728
9068
165
8937
4386
8523
8399
884
3410
1067
8522
5333
7549
8065
3621
1230
2407
5013
516
9817
7162
2790
6517
9171
1776
619
907
378
5446
5897
5281
8594
8936
8968
8748
4826
7421
2738
3463
5042
8099
1208
2264
9061
1456
8746
1913
7096
1607
6381
7842
5895
7416
175
7455
7106
9390
2418
4099
8495
5882
5159
3469
3346
2443
4654
4213
7562
2670
4472
3440
1683
149
2378
8439
5312
4547
3161
5920
2079
2252
8433
3496
3983
8656
4424
2210
254
3651
3389
5280
949
8803
6774
8484
7053
6994
4118
566
3027
9539
648
7740
7491
9634
7804
7945
2171
7823
8838
5401
7782
8011
1229
2365
1564
8614
5404
9698
5351
918
5048
3029
4575
835
5068
1991
2241
8793
1786
8683
8007
5299
7442
2446
4763
6146
2231
492
3330
3557
1740
1165
4928
4879
2596
1146
4854
2759
401
1102
5069
3984
7691
2789
3263
6494
1768
1586
9769
4382
9864
5038
8371
1194
3163
6734
3917
1263
7560
8824
8245
2175
4317
3997
9944
9466
4713
3400
3370
2135
9906
8016
7870
2421
1189
4785
8183
8833
2963
5515
6863
7179
6256
9842
3704
6976
7732
7439
9017
3825
4293
7299
74
8788
6122
3697
6081
5127
54
1121
2653
4639
9674
7555
9361
2899
7050
9057
5747
8028
7797
6051
6936
8377
7603
547
5064
5796
6061
7098
5400
5349
8883
8483
5403
8811
7482
3020
9031
4391
9761
5407
6161
5826
7942
9648
9430
2767
1511
5839
2995
8279
1794
6090
1914
2228
3155
2219
3661
2214
5180
7171
4194
8532
6057
9737
9712
3236
3398
7571
1489
7690
9745
2762
7067
6287
8199
991
5431
3302
7074
314
4057
8173
7921
3098
5103
580
1415
8211
7827
3642
4959
8375
7548
4688
8098
6533
2138
1967
9431
3492
3028
384
8107
1447
4186
789
6236
1877
1069
8232
5951
1334
7532
8356
8828
1924
4450
1213
7375
4377
6425
8250
3144
111
8195
8946
8205
7879
4060
1133
3506
3399
2086
5764
2190
6093
9302
7120
5072
8525
8480
8592
5769
4622
22
6671
9166
9484
3154
8681
6604
1599
4457
103
8156
9945
2325
7573
5714
1797
830
4429
8528
9581
1833
534
5615
5650
7492
9186
7320
5806
3294
8526
5346
3851
8138
7156
504
5978
5230
3298
4886
4667
3635
1431
4637
4275
2848
9676
4056
1183
1580
2064
7052
2206
3800
5517
9185
8590
4760
6237
1512
798
7243
6693
8791
9913
7206
6844
9439
8268
5415
4290
5929
9557
3500
5339
6063
7190
2329
3217
4904
5384
7667
6107
8797
9923
9926
4224
8157
1695
4357
2484
5100
8311
2964
8898
396
5740
418
3052
7260
9108
6701
8769
3874
362
7889
3475
8408
928
1796
1113
8033
5107
2448
8360
4284
697
3200
4112
9996
2564
2851
1780
5585
6793
5903
4169
9793
6198
3649
9086
6331
5434
277
3537
7948
3041
2459
3862
8546
3589
2576
3376
1361
5253
1120
320
2611
8056
774
7806
5341
6593
4831
2969
8808
7048
7967
9318
7859
5358
9193
310
6638
3136
1903
1251
9868
1258
3333
1123
4743
6023
3102
1019
3709
7087
2635
8269
7145
5124
6460
7503
4821
3663
9498
4902
5884
5925
2686
5617
7561
7520
8920
6914
7737
8564
1371
2340
931
9113
4485
5973
10
307
7716
8189
3570
8459
6742
6369
2679
7256
7781
6634
5337
3311
4037
6891
9168
4058
1234
8392
5679
8153
7423
8998
9149
5146
4658
2981
9255
8953
3794
3111
6743
9278
2279
5424
5112
3128
6984
7116
9743
7796
6466
6664
6639
9523
1047
7201
7894
7789
8966
2434
9774
7799
3089
6506
7695
2019
9784
9800
4266
6165
9713
2053
4218
1641
4782
3227
8969
8363
8552
7689
5808
9144
6551
568
6707
5171
4323
7283
6858
2283
7314
5834
5248
3432
7854
912
1109
6969
360
2368
8067
5807
9615
8063
9177
6067
8665
2898
4941
9111
9133
2690
5102
6764
6558
4589
2272
3109
7654
7610
9596
2530
1721
1905
5310
8402
8577
2412
9424
2018
9548
4777
5114
7922
2358
4665
2312
458
7408
7517
5034
3083
2015
6269
4945
8519
1315
1562
236
8515
1750
759
9927
3836
1663
5
3401
3407
9881
7185
8122
4458
6117
5017
8309
6543
5250
8445
4441
2814
876
5206
6303
5284
3706
3149
1488
6961
5178
4890
5622
6149
2594
152
5182
30
9340
4277
4814
7899
5166
9363
5803
5776
4775
479
5963
7489
7708
1668
5342
3180
3606
9275
3054
5447
7697
3270
824
4461
3762
6114
4150
9827
8974
7557
1185
6653
815
4881
2474
4808
9985
8798
9423
3990
530
2590
7139
8549
7981
2197
8333
4539
7295
9362
4315
4730
8382
6336
2059
9819
2973
2087
4602
8716
7369
9241
1001
4495
4579
2696
5898
843
3911
8420
6158
4454
1828
1874
7168
96
2543
8326
3654
1525
86
1243
9853
8260
2467
5814
8047
8949
4412
8066
565
2741
1923
3914
3765
7975
2682
3120
9006
5362
1836
60
9311
3849
7054
2133
2129
2668
6
8188
6998
8320
71
3977
7933
9901
7307
3225
6962
9631
854
5906
5302
606
9321
1027
4865
6566
5108
5009
9110
3640
6084
6376
1742
5924
6539
805
9154
522
708
7919
4448
8048
9689
6325
5748
5462
8152
5378
906
5151
7373
357
785
5033
2000
850
5273
6733
4681
1227
5427
3349
2994
9556
9627
6231
9554
5967
1804
1844
3124
427
3190
3789
3893
2777
7845
386
5667
509
4045
4297
4007
4439
2276
2346
9965
7513
4102
9544
778
8916
9377
3218
7391
4372
9118
2693
8403
2609
5010
7501
9342
6648
3708
5958
9044
773
5785
9483
7143
5512
9630
957
9981
52
500
3078
6667
2397
1545
2014
5722
3430
1936
7773
7931
7304
6711
6174
8884
8441
9445
5086
3007
9093
3595
1184
4040
8693
3209
3850
447
3431
563
9777
4076
8926
84
3114
9033
1449
1705
820
3744
1761
7345
1999
6152
4265
3569
3452
2460
4177
7020
7085
2403
8905
2009
985
294
2663
6346
7167
7318
9021
4500
9586
4011
4876
5352
2923
7113
4550
6421
2602
4686
9092
6585
4359
5945
5097
144
3552
6646
8094
893
9221
2905
5198
7412
5145
8086
8052
3455
8783
3488
5194
673
3045
6925
758
7332
7837
3174
9083
1156
9129
2804
1308
7850
2201
3967
3172
689
8795
4546
7878
3171
3715
856
3009
6215
4512
7189
4469
4401
9636
3464
4790
3462
6172
3858
596
2193
5172
5735
5724
9206
4863
9566
583
2258
8505
2468
1254
6935
6945
4784
9391
4674
1480
7386
8724
5247
4984
6834
8241
7976
6225
4872
4403
7820
3637
1724
2697
7250
3059
8839
1267
9546
4398
8611
9245
6080
1465
6026
194
2342
8696
6619
116
9347
7431
259
4073
1561
1083
8265
4558
4320
1753
1646
385
7655
5487
1558
9375
8501
145
507
8398
3887
2628
7161
655
8042
8624
1738
6683
9388
4517
5251
3941
8679
4820
2054
2754
613
2180
8543
3337
6489
5181
9660
6933
3278
389
6335
2747
4993
2456
8428
7370
4783
869
3853
968
4728
2262
1851
6004
5437
7033
8701
9365
1435
8801
1694
9448
7871
8306
4869
7180
5712
1920
1331
5231
5513
1470
1175
5600
8964
817
8168
490
3671
6906
4796
3385
6960
9801
8796
4648
4800
5261
9889
4141
252
3626
4159
6930
8027
8873
7874
5418
3900
5669
2387
4499
4270
8919
1259
3213
2714
9415
841
8586
6542
8369
6744
9294
751
9097
278
8488
7852
6696
9957
8994
2641
1235
8291
5595
662
9187
4937
3966
5489
8514
2894
6547
3015
7624
6927
898
6729
7251
4927
3725
8810
5998
768
459
6887
1574
2464
7263
2554
3541
4987
1518
6109
4750
2824
1126
4203
7640
6430
1392
6134
6605
9257
6487
4702
1149
6327
5828
2149
4907
569
8177
8264
4494
437
5156
336
661
8623
7188
7440
7999
9741
7148
1734
5518
9809
5915
1608
3151
8735
921
6868
6999
3196
2958
5893
6164
5137
6629
332
3777
5208
4136
1610
2121
5694
6814
4231
4745
7496
7656
3702
1458
485
3417
4289
9087
5744
1239
2320
2582
2924
4393
4895
953
8929
4976
3987
2775
87
8089
4158
958
6470
4908
9350
1181
1497
1238
131
6413
8568
5379
6866
6709
2218
5140
8202
5516
2078
7339
3978
5788
6501
6688
7993
94
8358
281
678
6559
1377
5567
9011
8327
6591
8457
5779
602
6947
5106
8843
1339
4965
6955
3847
1423
526
7907
2449
302
2988
800
1403
2542
6199
9995
9249
8597
1450
9148
7648
9145
2074
8570
9680
3395
3382
5393
8304
5611
9406
5975
4952
7682
7413
88
2553
9461
9900
2159
5655
3823
1835
9510
4788
7609
1173
8348
5968
5372
3749
3611
2160
2046
964
5656
7103
7626
5641
9492
3673
875
35
2274
6673
4645
4239
7094
5723
4947
5143
8280
6126
8349
7082
6628
471
9181
4381
8197
4334
1287
1310
6635
5638
2310
9163
5900
1400
6515
4430
5754
117
8478
2243
121
4416
1834
8040
2655
82
8417
6523
2336
4024
6403
9943
1540
8071
6296
7411
5692
5265
6302
1290
6130
8582
8299
9915
2488
8030
3339
4613
8240
5959
8638
9767
9211
7025
2618
7376
8261
9762
9064
9370
6625
8130
4733
8251
1131
8379
2843
407
7924
1265
397
4955
1712
283
5791
9763
4168
6044
4885
9669
8781
2926
5543
7673
57
8921
3482
6691
4897
2749
975
7629